stateFIPS,twoPhysV,gestLimV,pbBanV,pubFundAllV,privLimV,parentV,indexLAW
01,1.2762390957487997,0.5886504348067241,-0.5762420688253156,0.6694619270045784,-0.5492350363810897,0.6518210944902108,0.21783497512282907
02,-0.6666920649434028,-1.499778933898871,-0.5762420688253156,-1.4644479653225153,-0.5492350363810897,-1.1110586837901322,-0.9147579105922042
04,1.2762390957487997,0.06654309263032533,1.2605295255553775,0.6694619270045784,1.7850138682385415,0.6518210944902108,1.1043999346382176
05,1.2762390957487997,0.5886504348067241,1.2605295255553775,0.6694619270045784,-0.5492350363810897,0.6518210944902108,0.8455225685748987
06,-0.6666920649434028,0.06654309263032533,-0.9435963877014542,-1.4644479653225153,-0.5492350363810897,-1.1110586837901322,-0.7434768094989105
08,-0.6666920649434028,-1.499778933898871,-0.9435963877014542,0.6694619270045784,-0.5492350363810897,-0.35553877881284235,-0.5544614136738836
09,-0.6666920649434028,0.06654309263032533,-0.9435963877014542,-1.4644479653225153,-0.5492350363810897,-1.3628986521158954,-0.7794539478311623
10,-0.6666920649434028,-0.45556424954607344,-0.9435963877014542,0.6694619270045784,-0.5492350363810897,-0.8592187154643689,-0.47724216400227354
12,1.2762390957487997,0.06654309263032533,-0.5762420688253156,0.6694619270045784,-0.5492350363810897,1.6591809677932639,0.3099874934961351
13,-0.6666920649434028,0.5886504348067241,0.5258208878031003,0.6694619270045784,-0.5492350363810897,-0.35553877881284235,-0.046197607358148006
15,-0.6666920649434028,0.06654309263032533,-0.9435963877014542,-1.4644479653225153,-0.5492350363810897,-1.3628986521158954,-0.7794539478311623
16,0.3047735154026984,0.06654309263032533,-0.5762420688253156,0.6694619270045784,1.7850138682385415,0.6518210944902108,0.33793154399384784
17,-0.6666920649434028,0.06654309263032533,-0.9435963877014542,-1.4644479653225153,-0.5492350363810897,-0.35553877881284235,-0.6355453945021547
18,2.2477046760949007,0.5886504348067241,1.2605295255553775,0.6694619270045784,1.7850138682385415,0.6518210944902108,1.3177674949985747
19,-0.6666920649434028,0.5886504348067241,-0.5762420688253156,0.6694619270045784,-0.5492350363810897,-0.35553877881284235,-0.18080444437842355
20,1.2762390957487997,0.5886504348067241,1.2605295255553775,0.6694619270045784,1.7850138682385415,0.6518210944902108,0.8136950464085898
21,-0.6666920649434028,0.5886504348067241,-0.5762420688253156,0.6694619270045784,1.7850138682385415,0.6518210944902108,0.36506042281902584
22,1.2762390957487997,0.5886504348067241,1.2605295255553775,0.6694619270045784,-0.5492350363810897,0.6518210944902108,0.8455225685748987
23,-0.6666920649434028,0.06654309263032533,-0.9435963877014542,-1.4644479653225153,-0.5492350363810897,-1.3628986521158954,-0.7794539478311623
24,-0.6666920649434028,-0.45556424954607344,-0.9435963877014542,-1.4644479653225153,-0.5492350363810897,-0.8592187154643689,-0.7820864343347155
25,-0.6666920649434028,-0.45556424954607344,-0.9435963877014542,-1.4644479653225153,-0.5492350363810897,0.1481411578386842,-0.6381778810057079
26,-0.6666920649434028,1.110757776983123,1.2605295255553775,0.6694619270045784,1.7850138682385415,0.6518210944902108,0.9760118665897312
27,2.2477046760949007,0.06654309263032533,-0.9435963877014542,-1.4644479653225153,-0.5492350363810897,-0.35553877881284235,-0.21920300292525421
28,-0.6666920649434028,1.893918790247721,1.2605295255553775,0.6694619270045784,-0.5492350363810897,0.6518210944902108,0.7544278821104408
29,1.2762390957487997,0.06654309263032533,1.2605295255553775,0.6694619270045784,1.7850138682385415,0.6518210944902108,0.7391082832405328
30,1.2762390957487997,-0.45556424954607344,0.5258208878031003,-1.4644479653225153,-0.5492350363810897,-1.1110586837901322,-0.33058522463885925
31,-0.6666920649434028,0.5886504348067241,-0.5762420688253156,0.6694619270045784,1.7850138682385415,0.6518210944902108,0.2737375099696046
32,-0.6666920649434028,0.06654309263032533,-0.9435963877014542,0.6694619270045784,-0.5492350363810897,-1.1110586837901322,-0.43863253916646844
33,-0.6666920649434028,-1.499778933898871,1.2605295255553775,0.6694619270045784,-0.5492350363810897,-0.35553877881284235,-0.23958628320862196
34,-0.6666920649434028,-1.499778933898871,-0.5762420688253156,-1.4644479653225153,-0.5492350363810897,-1.1110586837901322,-0.9147579105922042
35,-0.6666920649434028,-1.499778933898871,0.5258208878031003,-1.4644479653225153,-0.5492350363810897,-1.1110586837901322,-0.7573203453595735
36,-0.6666920649434028,-0.45556424954607344,-0.9435963877014542,-1.4644479653225153,-0.5492350363810897,-1.3628986521158954,-0.8540407109992192
37,-0.6666920649434028,-0.45556424954607344,-0.9435963877014542,0.6694619270045784,-0.5492350363810897,0.6518210944902108,-0.2613793340087622
38,-0.6666920649434028,0.5886504348067241,1.2605295255553775,0.6694619270045784,1.7850138682385415,0.6518210944902108,0.5361334520239894
39,2.2477046760949007,0.5886504348067241,1.2605295255553775,0.6694619270045784,-0.5492350363810897,0.6518210944902108,0.9843033657671988
40,1.2762390957487997,0.5886504348067241,1.2605295255553775,0.6694619270045784,1.7850138682385415,1.6591809677932639,0.9576035997375972
41,-0.6666920649434028,-1.499778933898871,-0.9435963877014542,-1.4644479653225153,-0.5492350363810897,-1.3628986521158954,-1.003214237335333
42,1.2762390957487997,-0.45556424954607344,-0.9435963877014542,0.6694619270045784,-0.5492350363810897,0.6518210944902108,0.016182260375838222
44,-0.6666920649434028,0.06654309263032533,-0.5762420688253156,0.6694619270045784,-0.5492350363810897,0.6518210944902108,-0.13431338242982824
45,0.3047735154026984,0.5886504348067241,1.2605295255553775,0.6694619270045784,-0.5492350363810897,0.6518210944902108,0.34145011998491365
46,-0.6666920649434028,0.5886504348067241,1.2605295255553775,0.6694619270045784,-0.5492350363810897,-0.35553877881284235,0.4240524208612908
47,1.2762390957487997,-0.45556424954607344,1.2605295255553775,0.6694619270045784,-0.5492350363810897,0.6518210944902108,0.35388811905345524
48,-0.6666920649434028,4.243401830041515,1.2605295255553775,0.6694619270045784,1.7850138682385415,1.6591809677932639,1.476118086077659
49,-0.6666920649434028,-0.9776715917224722,1.2605295255553775,0.6694619270045784,1.7850138682385415,1.6591809677932639,0.6389275415476685
50,-0.6666920649434028,-1.499778933898871,-0.9435963877014542,-1.4644479653225153,-0.5492350363810897,-1.3628986521158954,-1.003214237335333
51,1.2762390957487997,-0.9776715917224722,1.2605295255553775,0.6694619270045784,-0.5492350363810897,1.6591809677932639,0.40037918100205055
53,-0.6666920649434028,0.06654309263032533,-0.9435963877014542,-1.4644479653225153,-0.5492350363810897,-1.3628986521158954,-0.7794539478311623
54,-0.6666920649434028,0.5886504348067241,-0.5762420688253156,0.6694619270045784,-0.5492350363810897,-0.8592187154643689,-0.27558944925528267
55,-0.6666920649434028,0.5886504348067241,-0.5762420688253156,0.6694619270045784,-0.5492350363810897,0.1481411578386842,0.23361075547140983
56,-0.6666920649434028,0.06654309263032533,-0.9435963877014542,0.6694619270045784,-0.5492350363810897,1.6591809677932639,-0.042884017511697584
NA,-0.6666920649434028,-1.499778933898871,-0.9435963877014542,0.6694619270045784,-0.5492350363810897,-1.3628986521158954,-0.6983699670028912
